565.0 575.0 1
25.0 185.0 1
345.0 750.0 1
945.0 685.0 1
845.0 655.0 1
880.0 660.0 1
25.0 230.0 1
525.0 1000.0 1
580.0 1175.0 1
650.0 1130.0 1
1605.0 620.0 1
1220.0 580.0 1
1465.0 200.0 1
1530.0 5.0 1
845.0 680.0 1
725.0 370.0 1
145.0 665.0 1
415.0 635.0 1
510.0 875.0 1
560.0 365.0 1
300.0 465.0 1
520.0 585.0 1
480.0 415.0 1
835.0 625.0 1
975.0 580.0 1
1215.0 245.0 1
1320.0 315.0 1
1250.0 400.0 1
660.0 180.0 1
410.0 250.0 1
420.0 555.0 1
575.0 665.0 1
1150.0 1160.0 1
700.0 580.0 1
685.0 595.0 1
685.0 610.0 1
770.0 610.0 1
795.0 645.0 1
720.0 635.0 1
760.0 650.0 1
475.0 960.0 1
95.0 260.0 1
875.0 920.0 1
700.0 500.0 1
555.0 815.0 1
830.0 485.0 1
1170.0 65.0 1
830.0 610.0 1
605.0 625.0 1
595.0 360.0 1
1340.0 725.0 1
1740.0 245.0 1